Cluster ID	Area	Average SNVs	Average n2n1	pa
1	1.2323903343709404	0.24205007826728	0.3376497680992245	[1, 0, 0, 0, 0]
2	0.5412002993964004	0.24534811379000032	0.33287885686491414	[1, 0, 1, 0, 1]
3	0.8034564270978289	0.5148359112133414	0.2715981375039736	[1, 1, 1, 1, 0]
4	1.1310379376933823	0.1304639500749785	0.3372712372591511	[1, 0, 1, 1, 1]
5	0.719326347470095	0.32613532038416265	0.2696710975212972	[1, 0, 1, 0, 0]
6	0.42301031763216235	0.1960546605688343	0.34986411521979743	[1, 0, 1, 0, 0]
7	1.7180440143985776	0.3746910093550712	0.32720326629670315	[1, 0, 0, 1, 0]
8	0.8276474494219372	0.3988553844399813	0.34380832689118707	[1, 0, 1, 1, 1]
9	0.7444808090266306	0.2950148786076609	0.23431395755901832	[1, 0, 1, 0, 0]
10	0.8426938437301226	0.21627915177056214	0.2790114482758211	[1, 0, 1, 1, 1]
11	1.7299940635198532	0.44559789813299266	0.3304838348606869	[1, 0, 0, 1, 0]
12	0.2809248085621664	0.38463543537361067	0.2941067598680028	[1, 1, 1, 1, 0]
13	0.6751950249115949	0.18830987963379428	0.3268652904436581	[1, 0, 1, 1, 1]
14	0.5771138391279431	0.3912881072840097	0.3580837506380313	[1, 0, 1, 1, 1]
15	0.7621496349484012	0.18003144654088052	0.23665057357425656	[1, 1, 1, 1, 1]
16	0.5455996191366553	0.23729974675214896	0.336546180026996	[1, 0, 1, 1, 1]
17	0.856688997624518	0.3388672188210382	0.3336941388488106	[1, 0, 1, 1, 1]
18	0.5245840356840621	0.32057230103032136	0.34279842472530603	[1, 1, 1, 1, 1]
19	0.5413663795476228	0.3971576870670912	0.374099252666147	[1, 0, 1, 1, 1]
20	0.36716181994335173	0.2564018988399692	0.3284991104455801	[1, 0, 1, 1, 1]
21	0.8519334712946464	0.3513592968391239	0.34011619652459335	[1, 0, 1, 1, 1]
22	0.5514250441151068	0.3053953602127567	0.32955240454850615	[1, 1, 1, 1, 1]
23	0.8172819217752425	0.31853178001886934	0.3434814616243203	[1, 1, 1, 1, 1]
24	0.34484591222028427	0.3255510714127839	0.3660289014036923	[1, 1, 1, 1, 1]
25	0.8391367802615323	0.09456985418059423	0.32677264663213856	[1, 0, 1, 1, 1]
26	0.6994220127925739	0.3605393142953286	0.3512814579475884	[1, 0, 1, 1, 1]
27	0.904510130437545	0.34788954139363126	0.3316688282932199	[1, 1, 1, 1, 0]
28	0.23848905223106168	0.2577326521742542	0.3638566090856304	[1, 1, 1, 1, 1]
29	0.49205690858419054	0.23157070647382838	0.3518680467347276	[1, 0, 1, 1, 1]
30	0.5794898970684803	0.3674806464793768	0.3350332807627741	[1, 0, 1, 1, 1]
31	0.7707608678381002	0.3280819338805633	0.375557148664058	[1, 1, 0, 1, 1]
32	0.5733902691396733	0.4075024941802461	0.3796619714268473	[1, 0, 1, 1, 1]
33	0.31640881087421546	0.30019751901351255	0.3619368056190284	[1, 0, 1, 1, 1]
34	0.5290398416025327	0.29405335298093493	0.3559535720059638	[1, 1, 0, 1, 1]
35	0.9841264195273741	0.35761517694773226	0.32375998236262477	[1, 0, 1, 1, 1]
36	0.5834718715730324	0.282066450087768	0.3002407115775256	[1, 1, 1, 1, 1]
37	0.8837016793776177	0.21877421722823542	0.3316385995779873	[1, 0, 0, 1, 1]
38	0.5267612461511912	0.2696008157967924	0.35780237141603716	[1, 1, 1, 1, 1]
39	0.5301364556844335	0.2999023110416434	0.38131982261631925	[1, 1, 1, 1, 1]
40	0.26299508729316523	0.40982451796198427	0.3269578577701774	[1, 1, 1, 0, 0]
41	0.6675081182070033	0.38331697742885185	0.34369232786483783	[1, 1, 1, 1, 1]
42	0.47102035906015716	0.22848837209302325	0.31330846446458305	[1, 1, 1, 1, 1]
43	0.9724072178671116	0.24494870913719077	0.3358467350150623	[1, 0, 0, 1, 1]
44	0.3690767820702293	0.26612021541778874	0.2897889415458698	[1, 1, 1, 0, 1]
45	0.7551304189891918	0.237181626971889	0.30674014341520806	[1, 1, 1, 1, 1]
46	0.7759825191609939	0.3100760559905585	0.3622181250151388	[1, 0, 1, 1, 1]
47	0.46216726926642904	0.34039464123764923	0.35061772080615017	[1, 0, 1, 1, 1]
48	1.017227916706675	0.30335033428735875	0.37028942007601634	[1, 0, 1, 1, 1]
49	0.702560216881708	0.34590513656219385	0.33008674056787374	[1, 1, 0, 1, 1]
50	0.1946901957481278	0.2678749239228469	0.3350785719412423	[1, 0, 1, 0, 1]
51	0.21464323156417797	0.28738030660230257	0.33713075280313626	[1, 1, 0, 1, 1]
52	0.5188387330272226	0.2741964470614054	0.3461772810601758	[1, 0, 1, 1, 1]
53	0.23790540242521724	0.3537687693598994	0.3389166001032068	[1, 0, 0, 1, 1]
54	0.41763831386186145	0.34020178905762427	0.3368769883096086	[1, 0, 1, 1, 1]
55	0.23770388989515082	0.28173864133713267	0.3460481087793943	[1, 0, 1, 1, 1]
56	0.6215138378040155	0.38595744680851063	0.39373888288202014	[1, 0, 1, 1, 1]
57	0.4501686754408988	0.384265374127602	0.32489024617697854	[1, 0, 1, 1, 1]
58	0.41953249605376974	0.43335845042329685	0.3065698327320543	[1, 0, 1, 1, 1]
59	0.6177481553588356	0.36690792061582495	0.3295422369230378	[1, 1, 1, 1, 1]
60	0.33037222441200076	0.23101363142402445	0.30183947920822946	[1, 0, 1, 1, 1]
61	0.3993837369295132	0.29017127713691243	0.33461343372317554	[1, 0, 1, 0, 1]
62	0.13993673902179016	0.2869049936721263	0.33819517978246355	[1, 0, 1, 0, 1]
63	0.39547094493803503	0.2113990641291165	0.3534679600507865	[1, 0, 1, 1, 1]
64	1.0924185022381108	0.19212961663749048	0.33985090372795657	[1, 0, 1, 1, 1]
65	0.314162626885422	0.33493063505362036	0.35428951891044547	[1, 0, 1, 1, 1]
66	0.45316513930620583	0.3610835170109997	0.3416566195955456	[1, 0, 1, 1, 1]
67	0.6745819642119122	0.20000509012576684	0.34892067825950834	[1, 0, 1, 1, 1]
68	0.39974168932443055	0.32886597938144335	0.3351346310582949	[1, 1, 0, 1, 1]
69	0.3470338953828398	0.31634694269081604	0.34750312034665093	[1, 0, 1, 0, 1]
70	0.7372808648501986	0.21900916368236625	0.36566191015858845	[1, 0, 0, 1, 1]
71	0.3997736553520674	0.21906788608487085	0.329993443667376	[1, 1, 1, 1, 1]
72	0.5430292641614531	0.20101563336394657	0.3551387152924412	[1, 1, 1, 1, 1]
73	0.6026617907303813	0.2371900826446281	0.32834830269832926	[1, 1, 1, 1, 1]
74	0.685294307896272	0.2512606174071151	0.30362164115510437	[1, 1, 1, 1, 1]
75	0.6826482810569783	0.2627155171615121	0.3129548729221595	[1, 1, 1, 1, 1]
76	0.7107432070387105	0.24717518992282664	0.35833611819695366	[1, 1, 1, 1, 1]
77	0.46329311999766876	0.3986270022883295	0.3774839033499693	[1, 0, 0, 1, 1]
78	0.5064020802542744	0.3141847227322806	0.3258084048098307	[1, 0, 0, 1, 1]
79	0.3803987972483817	0.3471123504913666	0.3761275581254015	[1, 0, 0, 1, 1]
80	0.40623522473795637	0.29509886856296924	0.3459055383046937	[1, 0, 1, 1, 1]
81	0.4862125198619873	0.3113408698857962	0.32362826504006403	[1, 0, 1, 1, 1]
82	0.6455870534634072	0.3612974643992056	0.3328350294021255	[1, 0, 1, 1, 1]
83	0.700278612824353	0.31188324922836974	0.3356099391402835	[1, 0, 1, 1, 1]
84	0.4329000379899889	0.18464148412361198	0.35244616052142114	[1, 0, 1, 0, 1]
85	0.2202203436895295	0.36662080434041594	0.3235278201426164	[1, 1, 1, 0, 0]
86	0.18430290839404004	0.3924205378973105	0.3261356424439418	[1, 1, 1, 0, 0]
87	0.39007781995839585	0.3512061869066903	0.28914600673685875	[1, 1, 1, 1, 0]
88	0.5905138851026973	0.3294579093537118	0.3069977246691802	[1, 0, 1, 1, 1]
89	0.33049786145704557	0.38593022223285034	0.3339753184189374	[1, 0, 1, 1, 1]
90	0.28038258245039566	0.3076297667695008	0.3426125641708564	[1, 0, 1, 1, 1]
91	0.8845033910869908	0.3184672036837327	0.3397548093812147	[1, 0, 1, 1, 1]
92	0.4119966485181222	0.3040710736924545	0.3569036219008512	[1, 1, 1, 1, 1]
93	0.3366125101045821	0.2812516245383775	0.3544237475481679	[1, 0, 1, 1, 1]
94	0.7745071433980394	0.37440365099851164	0.3455542039378393	[1, 0, 1, 1, 1]
95	0.4128425082087681	0.3346664726591778	0.3304790103381996	[1, 0, 1, 1, 1]
96	0.5624223496891163	0.3020280811232449	0.2825152455377751	[1, 0, 1, 1, 1]
97	0.5146866180965628	0.3034319375375043	0.35658999702800703	[1, 0, 1, 1, 1]
98	0.4734062332738539	0.25601186332960085	0.39241187798484994	[1, 0, 1, 1, 1]
99	0.6117386536937649	0.24478417266187052	0.34146429075894547	[1, 0, 1, 1, 1]
100	0.4506893959625904	0.28944604189715956	0.3572188842290917	[1, 1, 0, 1, 1]
101	0.7911103745282062	0.25086867254302136	0.3107400915166897	[1, 0, 1, 1, 1]
102	0.331415829169844	0.17196114435366092	0.35407793657736975	[1, 0, 1, 1, 1]
103	0.2542528010799114	0.35378790838085283	0.332974821232297	[1, 0, 1, 1, 1]
104	0.42482875166059225	0.29338030703116297	0.3175767974088456	[1, 0, 1, 1, 1]
105	0.23439391929378672	0.28732097773985005	0.3681045034317856	[1, 0, 1, 0, 1]
106	0.6260977355802669	0.2284859208588022	0.34768038663773837	[1, 0, 1, 1, 1]
107	0.6033802430063631	0.26647005261027923	0.32662213211697255	[1, 0, 1, 1, 1]
108	0.4265380342849273	0.3128696913036608	0.3549024647828685	[1, 0, 1, 1, 1]
109	0.6696882347179016	0.25316532686908655	0.3536970369828497	[1, 0, 1, 1, 1]
110	0.689719999323389	0.38090294329252755	0.3475791079387538	[1, 0, 1, 1, 1]
111	0.38907936724390013	0.37955136540962287	0.35012519893454064	[1, 0, 1, 1, 1]
112	0.5601482146710465	0.41022554293442337	0.3560274829100778	[1, 0, 1, 1, 1]
113	0.3776178282658136	0.3172135410753979	0.35038513240667374	[1, 0, 1, 1, 1]
114	0.6538809991300204	0.22355110483267082	0.28032684221898785	[1, 0, 1, 1, 1]
115	0.10842206642889429	0.2305155199089819	0.31022756898631193	[1, 0, 1, 1, 1]
116	0.7755490250058867	0.3482352025964316	0.35685821465149403	[1, 0, 1, 1, 1]
117	0.31597370472061104	0.3120164498310112	0.3290922975820659	[1, 0, 1, 1, 1]
118	0.5448773958214147	0.30033339412265614	0.3915058892512495	[1, 0, 1, 1, 1]
119	0.41982261826534895	0.34616360169686283	0.34254058836643214	[1, 0, 1, 1, 1]
120	0.4896601111257921	0.19307624399637138	0.3131888727614633	[1, 1, 0, 1, 1]
121	0.3245955668825574	0.2999044973085605	0.4004527580224674	[1, 1, 0, 1, 1]
122	0.3871680748784999	0.3345508290136268	0.32408608196749855	[1, 1, 0, 1, 1]
123	0.4237752874876124	0.34610147806402786	0.31941127801248526	[1, 1, 0, 1, 1]
124	0.2852591984929086	0.20404411764705885	0.377633648677833	[1, 0, 1, 1, 1]
125	0.3132144455659158	0.20102633566044484	0.3485242486733102	[1, 0, 1, 1, 1]
126	0.25254343970672744	0.29838553473656393	0.3321023102046702	[1, 0, 1, 0, 1]
127	0.6224325640436834	0.3420950387413232	0.30958905415790816	[1, 0, 1, 1, 1]
128	0.7316538386056208	0.2827265948667509	0.324902344582089	[1, 1, 0, 1, 1]
129	0.6408878993361025	0.35175026437312557	0.33500394801668804	[1, 0, 1, 1, 1]
130	0.44925857795041524	0.4697961223384952	0.3198579155044449	[1, 0, 1, 1, 1]
131	0.7824146987413111	0.3250183293011782	0.3189754228307039	[1, 0, 1, 1, 1]
132	0.5171057606348929	0.23705882352941177	0.3209772565799147	[1, 0, 1, 1, 1]
133	0.2535943451096502	0.2758734907229772	0.35372457991641776	[1, 0, 1, 1, 1]
134	0.22199913058238666	0.2594720130214665	0.34401414802190133	[1, 1, 1, 0, 1]
135	0.553285952428054	0.22250421186268995	0.3334451614617349	[1, 1, 1, 0, 1]
136	0.2288536326188512	0.2478988402901446	0.3892412986824202	[1, 1, 1, 0, 1]
137	0.49713095395458984	0.2815940352553625	0.367284369073655	[1, 0, 1, 1, 1]
138	0.46150374678814177	0.23213430639838947	0.27627867452420485	[1, 1, 1, 0, 1]
139	0.14831788375955715	0.22882325499224454	0.3403357571229976	[1, 1, 1, 0, 1]
140	0.10566582917540418	0.28610134174954455	0.2845544849428778	[1, 1, 1, 0, 1]
141	0.7846100419878228	0.4528598608822774	0.3411997287525263	[1, 0, 1, 1, 1]
142	0.28522889132973733	0.19660170719489153	0.3348460803818394	[1, 0, 1, 0, 1]
143	0.39419242499048973	0.32986839352237957	0.33348721914430446	[1, 0, 1, 1, 1]
144	0.5716673739253527	0.34107629755500146	0.3434077810050421	[1, 0, 1, 1, 1]
145	0.6969789668286533	0.40017857774466736	0.3568282268188803	[1, 0, 1, 1, 1]
146	0.3229171648350843	0.3183658788735315	0.3157960729579963	[1, 0, 1, 1, 1]
147	0.3711278262693834	0.33103155644826937	0.31617345775040145	[1, 0, 1, 1, 1]
148	0.7124693924967437	0.16620111731843573	0.2936823234021449	[1, 0, 1, 1, 1]
149	0.2894598408821005	0.32542688448179086	0.3168905696940419	[1, 1, 1, 0, 1]
150	0.4409062398528747	0.3217858869727715	0.33808330092766836	[1, 0, 1, 1, 1]
151	0.48453134194856096	0.27477474655070866	0.38581237855064615	[1, 0, 1, 1, 1]
152	0.29158469519385044	0.23124578030056764	0.4056459755181999	[1, 0, 1, 1, 1]
153	0.5115228020407505	0.24951635106200923	0.3864211422830934	[1, 0, 1, 1, 1]
154	0.18757467287934348	0.24522016725077206	0.28681004906679564	[1, 1, 1, 1, 0]
155	0.7894304684992108	0.3076999424626007	0.32471725410304664	[1, 0, 1, 1, 1]
156	0.16075311797039754	0.26528866634654313	0.3456536449124451	[1, 0, 1, 1, 0]
157	0.34016494753022297	0.3289852876178263	0.3404947652909272	[1, 0, 1, 1, 1]
158	0.18811631893811528	0.26645710034942444	0.3146610834529277	[1, 0, 1, 1, 1]
159	0.4884782312310391	0.3220986796386379	0.3776400791932659	[1, 0, 1, 1, 1]
160	0.5853602663488033	0.36528636338506715	0.368850576990223	[1, 0, 1, 1, 1]
161	0.5971236657821671	0.210902317159926	0.400168285104667	[1, 0, 1, 1, 1]
162	0.5980331058974321	0.1687395165445167	0.32367661235348555	[1, 0, 1, 1, 1]
163	0.2501104612683526	0.31710496664550697	0.34308318869728593	[1, 0, 1, 0, 1]
164	0.449865047812441	0.31135385915585256	0.3315457751283558	[1, 0, 1, 0, 1]
165	0.47093219232617495	0.3020349244172125	0.3134709648686162	[1, 0, 1, 1, 1]
166	0.3234989252634213	0.16153324050196943	0.35385103862248624	[1, 0, 0, 0, 0]
167	0.3384016032024018	0.19320794590025359	0.2481600625367176	[1, 0, 0, 1, 1]
168	0.2802910432381045	0.3051331001117363	0.3551569550375716	[1, 0, 0, 1, 1]
169	0.7017990695180596	0.3894639469044594	0.36441825737980715	[1, 0, 1, 1, 1]
170	0.457462198242377	0.2657851004843789	0.29920969498177696	[1, 0, 1, 1, 1]
171	0.4047408793843705	0.23586683417085424	0.29520200353934867	[1, 1, 0, 1, 1]
172	0.19420357191951543	0.3422154564798085	0.35589175967905723	[1, 0, 1, 1, 1]
173	0.5199812888532422	0.3116587347602611	0.3284481009506356	[1, 0, 1, 1, 1]
174	0.6492486184588215	0.35989491306175514	0.34198326205700014	[1, 0, 1, 1, 1]
175	0.06994115654888566	0.3543832773110644	0.3448285147510774	[1, 0, 1, 0, 1]
176	0.31184325230267573	0.18917763875754712	0.27374364425613507	[1, 0, 1, 0, 1]
177	0.5679285078485942	0.3516935127978817	0.34399528010583613	[1, 0, 1, 0, 1]
178	0.6243957488037485	0.23553822342003147	0.3720590994344711	[1, 0, 1, 0, 1]
179	0.5007048199040609	0.3641794443422326	0.340851951410495	[1, 1, 0, 1, 1]
180	0.6171682568873627	0.2207464579895746	0.3697659706282804	[1, 1, 0, 1, 1]
181	0.16156106353299782	0.35695002551050703	0.3352377491551597	[1, 1, 1, 0, 1]
182	0.18742794933899198	0.15997701096271094	0.3015212719488929	[1, 0, 0, 1, 1]
183	0.4897268409607637	0.2506900351217695	0.3320482116236559	[0, 1, 1, 1, 1]
184	0.20011630526630864	0.0992396857367712	0.2689588597167063	[0, 1, 1, 1, 1]
185	0.4420365460330633	0.3823770491803279	0.3432354423184981	[1, 0, 1, 1, 1]
186	0.5142481636105498	0.3448659192684027	0.339144228074252	[1, 0, 1, 1, 1]
187	0.5959646349020729	0.31317659913288703	0.34737540154884206	[1, 0, 1, 1, 1]
188	0.27418482283653733	0.3233155351677425	0.32078487155424185	[1, 0, 1, 1, 1]
189	0.2160794966140327	0.29883092724299304	0.3501915476172829	[1, 1, 0, 1, 1]
190	0.47214594144153815	0.3114897224550658	0.34997287968602653	[1, 0, 1, 1, 1]
191	0.4483255251012781	0.1936432621642834	0.28968342907508876	[1, 0, 1, 1, 1]
192	0.18435558068254046	0.31548246411672287	0.33221269078286686	[1, 1, 0, 0, 1]
193	0.2970393654228635	0.33856251680516813	0.3540759591340904	[1, 0, 1, 1, 1]
194	0.4192237190476326	0.22751597643927118	0.35966531707718524	[1, 1, 0, 1, 1]
195	0.4338173183307842	0.22889762554709756	0.30694510998135865	[1, 0, 1, 1, 1]
196	0.5319083865334912	0.33724832214765105	0.3596980005314926	[1, 0, 1, 1, 1]
197	0.1973948068280581	0.2974265427655258	0.34394277974063475	[1, 0, 1, 1, 1]
198	0.6781512892330437	0.38274831681822596	0.3174515561414075	[1, 0, 1, 1, 1]
199	0.43624910869001077	0.2115118603869972	0.35266184983722226	[1, 0, 1, 1, 1]
200	0.7814125919225609	0.25642877726190727	0.339842820782068	[1, 0, 1, 1, 1]
201	0.3209553930856054	0.185260517535692	0.2824491421342822	[1, 0, 1, 1, 1]
202	0.7536708189802818	0.30106254270637633	0.32181732634430565	[1, 0, 1, 1, 1]
203	0.4601022564139225	0.2706257630969498	0.3452235464619625	[1, 0, 1, 1, 1]
204	0.48690010744402556	0.37495684836257265	0.33905772453457417	[1, 0, 0, 1, 1]
205	0.5158295819337897	0.21813441483198145	0.3249852286296007	[1, 0, 1, 1, 1]
206	0.2926665061326112	0.23342704208374482	0.34379728516814645	[1, 0, 1, 0, 1]
207	0.4348631799850098	0.2707071933640101	0.3462661932616566	[1, 0, 1, 0, 1]
208	0.3232395109553121	0.1964263056815847	0.38413444964012367	[1, 0, 1, 0, 1]
209	0.81050195658364	0.37446266104105064	0.35120289289424933	[1, 0, 1, 1, 1]
210	0.5913929220725984	0.40643349201282164	0.3449176787451145	[1, 0, 1, 1, 1]
211	0.6389865560178575	0.4030239833159541	0.3238509194339013	[1, 0, 1, 1, 1]
212	0.7740260496892155	0.4143176499161	0.32727955509708506	[1, 0, 1, 1, 1]
213	0.07312459383505729	0.3346423530993078	0.3358629144582688	[1, 1, 1, 0, 1]
214	0.15213158453109155	0.34136926674173124	0.34028363377437065	[1, 1, 1, 0, 0]
215	0.4387074864096857	0.2644859813084112	0.35264974197439186	[1, 0, 1, 1, 1]
216	0.6594439031084273	0.2304557537952307	0.30967416211593135	[1, 0, 1, 1, 1]
217	0.8806376964893572	0.18218299652711312	0.3049240243599428	[1, 0, 1, 0, 1]
218	0.6527379834725905	0.2647967122175619	0.37002132894079515	[1, 1, 1, 1, 0]
219	0.302783944491393	0.27543613320544647	0.348795973806407	[1, 1, 1, 1, 0]
220	0.6630326266130295	0.2516592920353982	0.31216947692734687	[1, 1, 1, 1, 0]
221	0.5831917725523362	0.33360389610389607	0.3192773343218023	[1, 0, 1, 1, 1]
222	0.8000624695560851	0.42580933344162025	0.3408701848052259	[1, 0, 1, 1, 1]
223	0.25817414574076714	0.2948679502545576	0.32912845304977484	[1, 0, 1, 1, 1]
224	0.6986699428910935	0.429440496862649	0.3624408165901107	[1, 0, 1, 1, 1]
225	0.4685469511665784	0.3193462897526501	0.33663794342013226	[1, 0, 1, 1, 1]
226	0.5935240570553698	0.4396162528216704	0.37105459114595474	[1, 0, 1, 1, 1]
227	0.2820440431167578	0.24970646789114384	0.2887620683227059	[1, 0, 1, 1, 1]
228	0.6465611484124396	0.20851555785625633	0.3909710647574593	[1, 0, 1, 1, 1]
229	0.5192175523636227	0.3856053384175405	0.37441521359823504	[1, 0, 1, 1, 1]
230	0.2427029829344116	0.3146051225078538	0.35804203026950243	[1, 0, 1, 1, 1]
231	0.2417548664425186	0.3391518149488638	0.3551247158038555	[1, 1, 1, 0, 1]
232	0.3385981392382767	0.2944685273686642	0.35518230864509187	[1, 1, 0, 1, 1]
233	0.38764147730681664	0.3017241379310345	0.30426960692288024	[1, 1, 0, 1, 1]
234	0.6918914613476421	0.36906371786377506	0.3283841981600821	[1, 0, 1, 1, 1]
235	0.3337803004437039	0.2608413350618532	0.35017273929988113	[1, 0, 1, 0, 1]
236	0.466877374544481	0.2213584288052373	0.301644352725478	[1, 0, 1, 0, 1]
237	0.4696037179129697	0.31347962382445144	0.380890247916291	[1, 0, 1, 1, 1]
238	0.33162717199170316	0.3629167146781814	0.36752192941131023	[1, 1, 0, 1, 1]
239	0.8868585364307093	0.395790104517255	0.3528997021287726	[1, 1, 0, 1, 1]
240	0.2208361332751552	0.28510517684341186	0.2941427435055403	[1, 1, 0, 1, 1]
241	0.17602372530876775	0.2861387107391527	0.3328104300200871	[1, 0, 1, 1, 1]
242	0.6237747092514891	0.3648343613335291	0.35108789468774554	[1, 0, 1, 1, 1]
243	0.5477216075021376	0.3123381392477622	0.3363213483691888	[1, 0, 1, 1, 1]
244	0.39277160272911243	0.23990953142023774	0.37833407351078974	[1, 0, 0, 1, 1]
245	0.5671607521007231	0.35588507877664505	0.3299344314611866	[1, 0, 1, 1, 1]
246	0.2944184505035143	0.3060836501901141	0.2957410593691534	[1, 0, 1, 1, 1]
247	0.36727608001478634	0.3860500783516153	0.3420506784341923	[1, 0, 1, 1, 1]
248	0.5867640668675256	0.29300762073259945	0.3436968330186556	[1, 0, 1, 1, 1]
249	0.6198531812984354	0.39328536264909464	0.3842687375431371	[1, 0, 1, 1, 1]
250	0.4733911797716526	0.27561538119620244	0.3345742885531065	[1, 0, 1, 1, 1]
251	0.40263248740752006	0.36379555940863123	0.33398470702652017	[1, 0, 1, 1, 1]
252	0.6206935257427095	0.3707220522958708	0.35147813041277004	[0, 1, 1, 1, 1]
253	0.6779237044354893	0.3211998324035523	0.34951390613992794	[1, 0, 0, 1, 1]
254	0.3243314591806068	0.26516714737518376	0.3073702999193891	[1, 0, 1, 1, 1]
255	0.3697776451035034	0.3695979128637291	0.36478692109920874	[1, 0, 1, 1, 1]
256	0.6975332940999872	0.4173035494387845	0.3594445740000535	[1, 1, 0, 1, 1]
257	0.3358816462372059	0.27660050450050655	0.33121660248255996	[1, 0, 1, 1, 1]
258	0.309739840237376	0.35060975609756095	0.3141597365003421	[1, 0, 1, 1, 1]
259	0.5439360993355029	0.3731092919757061	0.34125103412898744	[1, 0, 1, 1, 1]
260	0.6179023503265553	0.3455622833204931	0.32636673076374534	[1, 0, 1, 1, 1]
261	0.19165590537356006	0.19904723010953196	0.35305501686089547	[1, 0, 1, 1, 1]
262	0.6913683673667053	0.3560699745718019	0.3935215903576301	[1, 0, 1, 1, 1]
263	0.691287724688972	0.3555860628408831	0.3344651523395551	[1, 0, 1, 1, 1]
264	0.38129753295308066	0.32551020408163267	0.3412405906608966	[1, 0, 1, 1, 1]
265	0.3036485797036917	0.2547791599801394	0.345217110261259	[1, 0, 1, 1, 1]
266	0.41775268615346933	0.30208973892633106	0.3459384676046443	[1, 0, 1, 1, 1]
267	0.43352616017625156	0.2454149139437545	0.31711728256930055	[1, 0, 1, 1, 1]
268	0.14235734193886543	0.26841178460384923	0.3245357639153096	[1, 0, 1, 1, 1]
269	0.4894288936098971	0.3387727993360237	0.37440218363372163	[1, 0, 1, 1, 1]
270	0.5369503985063426	0.35315789473684206	0.3265078769062414	[1, 0, 1, 1, 1]
271	0.16898050786624502	0.2907241110321862	0.32019879628453524	[1, 0, 1, 1, 1]
272	0.6644717421448498	0.23222880770117	0.3362983556387124	[1, 0, 1, 1, 1]
273	0.35475244365808845	0.30029805398770426	0.332671707972507	[1, 0, 1, 1, 1]
274	0.3474143547550128	0.27674509750127707	0.3315945535552612	[1, 0, 1, 1, 1]
275	0.6375528012035725	0.3480675891804015	0.35037571814409463	[1, 0, 1, 1, 1]
276	0.7610830517088332	0.44610220480877716	0.3557234395997941	[1, 0, 1, 1, 1]
277	0.7462863198497859	0.4324830722802956	0.3779881492134491	[1, 0, 1, 1, 1]
278	0.8264115415531901	0.39505378952342257	0.33189967434435297	[1, 0, 1, 1, 1]
279	0.21401304297525064	0.345518018244944	0.35427818762058555	[1, 0, 1, 1, 1]
280	0.6041273091415305	0.41909333029616336	0.36263837632322427	[1, 0, 0, 1, 1]
281	0.5521751529496233	0.4288039056143206	0.3507298477756314	[1, 0, 1, 1, 1]
282	0.15721899664724098	0.3444458298524956	0.35093184402937994	[1, 0, 1, 1, 1]
283	0.6175519442712395	0.2462352328204018	0.30297487329414763	[1, 1, 0, 1, 1]
284	0.4698842196248558	0.39933373021011587	0.34716591030013033	[1, 1, 0, 1, 1]
285	0.6294586370321686	0.27790432801822323	0.326500293975435	[1, 0, 1, 1, 1]
286	0.43546892960894	0.3402414119993732	0.3521807733631356	[0, 1, 0, 1, 1]
287	0.4791234044028413	0.2825908886894075	0.3087953609538944	[1, 0, 1, 1, 1]
288	0.17359839207664304	0.31526184933477874	0.3239795111412287	[1, 0, 1, 1, 1]
289	0.5304623515573903	0.27800557324840763	0.36972442070533273	[1, 0, 1, 1, 1]
290	0.6553910939520772	0.3693060890722899	0.3463234173389636	[1, 1, 0, 1, 1]
291	0.6434813328426096	0.21091951144530655	0.2970261944187551	[1, 0, 1, 1, 1]
292	0.7112730023233043	0.19219160261119772	0.4187802408300124	[1, 0, 1, 1, 1]
293	0.6373749403118729	0.13504410373945494	0.22201796928392786	[1, 0, 1, 1, 1]
294	0.7873510537988526	0.4193465877318684	0.3306716678986958	[1, 0, 1, 1, 1]
295	0.13546112078979133	0.25031701005317497	0.35134446696981175	[1, 0, 1, 1, 1]
296	0.21188297893967117	0.36175983576345316	0.3401378879669512	[1, 0, 1, 1, 1]
297	0.24482576212955642	0.29685807150595883	0.3623932698093557	[0, 1, 1, 0, 1]
298	0.2404068760359151	0.26333789329685364	0.3406770361204582	[1, 0, 1, 1, 1]
299	0.3474830977875679	0.29832935560859186	0.3536066417306543	[1, 0, 1, 1, 1]
300	0.6493761067667788	0.22160370053179762	0.32283835974985303	[1, 0, 1, 1, 1]
301	0.7445451539972443	0.2691623245198519	0.3317030492960238	[1, 0, 1, 1, 1]
302	0.3534115429304534	0.27562440042836234	0.31059217996718247	[1, 0, 1, 1, 1]
303	0.38407488122831934	0.2537198293055566	0.3316126688068706	[1, 0, 1, 1, 1]
304	0.530724065258424	0.22806571017092309	0.3539381531253144	[1, 0, 1, 1, 1]
305	0.43176636149083597	0.376786204951543	0.330535301157981	[1, 0, 1, 1, 1]
306	0.5830437981628359	0.3805355303810504	0.3729585103235125	[1, 0, 1, 1, 1]
307	0.6623924761170683	0.24579220099975035	0.3740561291385235	[1, 0, 1, 1, 1]
308	0.7085063918897487	0.3514269525619869	0.3344996710730954	[1, 0, 1, 1, 1]
309	0.46577830432288336	0.3211362235610285	0.33623980679125465	[1, 0, 1, 1, 1]
310	0.6183331330558595	0.24889632812833756	0.3350891641858116	[1, 0, 1, 1, 1]
311	0.4077758626656808	0.23519362186788154	0.2908896743309497	[1, 0, 1, 1, 1]
312	0.5795537325921236	0.36319742489270385	0.33081500603079933	[1, 0, 1, 1, 1]
313	0.22875027702251405	0.3021113862510759	0.3398247763873812	[1, 0, 1, 1, 1]
314	0.3531020557360385	0.3672014185383905	0.3555462583296683	[1, 0, 0, 1, 1]
315	0.4710906397889642	0.31082092718142634	0.32750961206200535	[1, 0, 1, 1, 1]
316	0.6873328142285229	0.3909658685156894	0.34172573115010446	[1, 0, 1, 1, 1]
317	0.6502388607562115	0.29805734198255285	0.34353676206556605	[1, 0, 1, 1, 1]
318	0.5012091971210553	0.3208601863872404	0.3578248554303837	[1, 0, 1, 1, 1]
319	0.7239963033035779	0.21139785664207258	0.37688574353222126	[1, 0, 1, 1, 1]
320	0.6714828659598185	0.2635232774800751	0.34805123031898083	[1, 0, 1, 0, 1]
321	0.42202613113124726	0.2327401852495404	0.327352591591791	[1, 0, 1, 0, 1]
322	0.22571785315314263	0.28019238229843724	0.3511213706723826	[1, 0, 1, 1, 1]
323	0.6580547694036545	0.22856077701100547	0.3034548341344018	[1, 0, 1, 1, 1]
324	0.5604225242421638	0.20780428705898124	0.31735336515395063	[1, 0, 1, 1, 1]
325	0.3485857419433931	0.27717033585263484	0.3412922100110681	[1, 0, 1, 1, 1]
326	0.6732499151722483	0.16653826305636726	0.34662842037938557	[1, 0, 0, 1, 1]
327	0.35200373319664313	0.23920714582899935	0.33295884304210654	[1, 0, 0, 1, 1]
328	0.18835574464055027	0.38440059568131046	0.27784607474457235	[1, 1, 1, 0, 0]
329	0.3808106321996917	0.30563282336578584	0.3538037959131221	[1, 0, 1, 1, 1]
330	0.6950274844065989	0.3338296109589623	0.308119451451878	[1, 0, 1, 1, 1]
331	0.3172088320458037	0.3119497339438735	0.32706396237177243	[0, 0, 1, 1, 1]
332	0.3324366313285734	0.21924920127795525	0.3777762668330695	[1, 0, 0, 1, 1]
333	0.3504861739252992	0.2967915516479284	0.32250294422794795	[1, 0, 1, 1, 1]
334	0.6852556937404289	0.23691193328602084	0.33804863899813253	[1, 0, 1, 1, 1]
335	0.20926326045563415	0.34491482363009124	0.3617708938067041	[1, 0, 0, 1, 1]
336	0.9485166217014118	0.3295587434537224	0.3522544515602216	[1, 0, 1, 1, 1]
337	0.3851810796388281	0.3967754590046255	0.31394417585562295	[1, 0, 1, 1, 1]
338	0.6325959266867411	0.41204777002218074	0.3646440450620207	[1, 0, 1, 1, 1]
339	0.759414747023018	0.41971342328579136	0.36183597869287365	[1, 0, 1, 1, 1]
340	0.22186805601924708	0.3147025091921601	0.35441594109510555	[1, 0, 1, 1, 0]
341	0.8852915332749378	0.2307194338533875	0.38190530329819156	[1, 0, 1, 1, 1]
342	0.42921001026377936	0.222221748089097	0.3666528510314128	[1, 0, 1, 1, 1]
343	0.4434145116138326	0.3043956043956044	0.3532287872690458	[1, 0, 1, 1, 1]
344	0.9070633104124539	0.3385409403944828	0.31073938057840117	[1, 0, 1, 1, 1]
345	0.5247299139298077	0.2784417336291802	0.35137374702242374	[1, 0, 1, 1, 1]
346	0.5524368381555046	0.22604065620970132	0.2875172916735445	[1, 0, 1, 1, 1]
347	0.639482637423402	0.38455436263493137	0.30880925473982374	[1, 0, 1, 1, 1]
348	0.6549399884021366	0.2045437996067866	0.3468460878818237	[1, 0, 1, 1, 1]
349	0.4403382842296413	0.1728585058677607	0.31145903202965586	[1, 0, 1, 1, 1]
350	1.2391011585672487	0.27486910994764396	0.24488447168563376	[1, 0, 1, 1, 1]
351	0.602651758625629	0.2949220711352287	0.28474683737927675	[1, 0, 1, 1, 1]
352	0.5404125380941114	0.25039346246973365	0.3006028982291392	[1, 0, 1, 1, 1]
353	0.2655375550043032	0.262931011427413	0.30940272695593185	[1, 0, 1, 1, 1]
354	0.3351611401533572	0.24539587917576944	0.32233248267431924	[1, 0, 0, 1, 1]
355	0.4244649518079196	0.22082646808948844	0.3477811438694929	[1, 0, 1, 0, 1]
356	0.530378672294015	0.18403178304086393	0.3110813787472685	[1, 0, 1, 1, 1]
357	0.3065271660043321	0.2800597791895986	0.3637438165148613	[1, 0, 1, 0, 1]
358	0.3733584720068537	0.2118353749192862	0.3928225353995315	[1, 0, 1, 1, 1]
359	0.7165433675976435	0.22019867549668876	0.3119089883824634	[1, 0, 1, 1, 1]
360	0.5567398609174404	0.3211481844946026	0.3302015597326594	[1, 0, 1, 1, 1]
361	0.2563034619102108	0.2598022061710249	0.3310955964752948	[1, 0, 1, 1, 1]
362	0.2047107440077296	0.19820160725725028	0.3058539878880854	[1, 0, 1, 0, 1]
363	0.3150117017039574	0.28832020930446045	0.33301320114776023	[1, 0, 1, 1, 1]
364	0.8385263940546732	0.34689275719849044	0.3655799849121537	[1, 0, 1, 1, 1]
365	0.2973657399180599	0.3347387048713805	0.31874703779906366	[1, 0, 1, 1, 1]
366	0.4866311256783509	0.2284688995215311	0.3772769107482645	[1, 0, 1, 1, 1]
367	0.7905183921185965	0.40278938075962445	0.366979197614843	[1, 0, 0, 1, 1]
368	0.5349874921525828	0.37767117620459173	0.36166360856511687	[1, 0, 0, 1, 1]
369	0.3538432427224183	0.31213872832369943	0.3670133992793436	[1, 0, 1, 1, 1]
370	0.4906408947467683	0.2812578182054516	0.35047225363720425	[1, 0, 1, 1, 1]
371	0.5776896728322749	0.3435149807137916	0.33011184911171976	[1, 0, 1, 1, 1]
372	0.49198845684138803	0.4151727777520632	0.35260550455168016	[1, 0, 1, 1, 1]
373	0.25329524367089273	0.30349666972801304	0.37784936515631834	[1, 0, 1, 1, 1]
374	0.8124258931955645	0.3672526604727175	0.3868627167755803	[1, 0, 1, 1, 1]
375	0.5565540296143887	0.35059623122911043	0.3145303394293474	[1, 0, 1, 1, 1]
376	0.6853692699697745	0.2848953175705566	0.3529732194114195	[1, 0, 1, 1, 1]
377	0.4792633774018017	0.31654565351180364	0.3374540062823868	[1, 0, 1, 1, 1]
378	0.5268226854298432	0.24991964293117544	0.3376468445764648	[1, 0, 1, 1, 1]
379	0.6276905594108702	0.34535050323147737	0.3186289929308972	[1, 0, 1, 1, 1]
380	0.5161197312588435	0.36026647762475456	0.3336179265085699	[1, 0, 1, 1, 1]
381	0.4216259377232846	0.26595744680851063	0.33506475247892736	[1, 0, 1, 1, 1]
382	0.6189048271973592	0.2177562885619364	0.3305393935392671	[1, 0, 1, 1, 1]
383	0.1937176337329573	0.3183495491219744	0.3600253973522821	[1, 0, 1, 1, 1]
384	0.5404784393064166	0.39542244844119323	0.3059324748491707	[1, 0, 1, 1, 1]
385	0.6432106791154357	0.21394872707851165	0.30687845701717464	[1, 0, 1, 0, 1]
386	0.576165791351902	0.2619876922554978	0.34225574732992176	[1, 0, 1, 1, 1]
387	0.575643800497197	0.2645496636257	0.3518982010317603	[1, 0, 1, 1, 1]
388	0.34252965946178493	0.3008621380901404	0.3347918662216606	[1, 1, 0, 1, 1]
389	0.44702036456003647	0.2780449931828511	0.3593407904365326	[1, 1, 0, 1, 1]
390	0.4692190286737156	0.3292499676312096	0.32632449931184565	[1, 1, 0, 1, 1]
391	0.5527373613803096	0.366583734596256	0.335643248758454	[1, 1, 0, 1, 1]
392	0.30295256666961373	0.30464532774460995	0.322630869478787	[1, 0, 1, 1, 1]
393	0.2260682474267044	0.24462650448428	0.3233962167759725	[1, 0, 1, 1, 0]
394	0.5381278505978724	0.32684947021192484	0.34972358598697634	[1, 1, 0, 1, 1]
395	0.2260680334827732	0.39741733432940973	0.3412886050616067	[0, 1, 1, 1, 1]
396	0.5444746329048564	0.4164365793287579	0.3315522303898146	[0, 1, 1, 1, 1]
397	0.5584371622564672	0.21520583234884297	0.3261410443058264	[0, 1, 1, 1, 1]
398	0.6972573837746282	0.18706293706293706	0.3454511555262514	[0, 0, 1, 1, 1]
399	0.9614628062126276	0.15445134684451023	0.48054699466134226	[0, 0, 1, 1, 1]
400	1.2077065399136941	0.31108837970540093	0.33641428010712926	[0, 1, 0, 1, 1]
401	0.42173600941102574	0.27381127803646776	0.3585333207030932	[0, 1, 0, 1, 1]
402	0.5463020481615486	0.29095904095904096	0.3530588904227664	[0, 1, 0, 1, 1]
403	0.733016968678408	0.2715003119586472	0.37151711131340687	[0, 1, 1, 0, 1]
404	0.4770707943901753	0.323537191205913	0.3378314848599018	[1, 0, 1, 0, 1]
405	0.3308741262578353	0.30462579432205444	0.31784208448638007	[1, 0, 1, 0, 1]
406	0.24319774457341498	0.24955099776611975	0.36634831422004277	[1, 0, 1, 0, 1]
407	0.4662170542803651	0.4460557098464582	0.353665577643854	[1, 0, 0, 1, 1]
408	0.30902915446147206	0.3204475564699896	0.3362926427122752	[1, 0, 1, 0, 1]
409	0.27105934792660014	0.3317655997621076	0.36130125973914357	[1, 0, 1, 0, 1]
410	0.1680555584186444	0.4022141783157305	0.3298781797781322	[1, 0, 0, 0, 0]
411	0.2147367326348825	0.29771636135211316	0.3364410974858947	[1, 0, 0, 1, 1]
412	0.2986488771309195	0.2090259220421924	0.27253941305293433	[1, 0, 1, 0, 1]
413	0.27795024993981554	0.25798378926038495	0.35183108167787913	[1, 0, 1, 0, 0]
414	0.226152201232497	0.327328139128549	0.35405756322888965	[1, 0, 0, 1, 1]
415	0.3549345360588877	0.2903420383437047	0.3533676083892698	[1, 0, 0, 1, 1]
416	0.5605352221957589	0.20570718909453692	0.3194028085932948	[1, 0, 1, 1, 0]
417	0.28216425913139886	0.30936511836791053	0.3376094352107187	[1, 0, 1, 0, 1]
418	0.3800554945430512	0.2747976386493974	0.3542090129859465	[1, 0, 1, 0, 1]
419	0.47133712139231265	0.3041942604856512	0.33956725887228867	[1, 0, 0, 1, 1]
420	0.160853691906887	0.24597489852582632	0.3230285392138958	[1, 0, 1, 0, 1]
421	0.45290353352207274	0.279967138851902	0.3115419792452667	[1, 0, 1, 1, 0]
422	0.18833789295892928	0.33769735101284803	0.35673883928555417	[1, 1, 0, 0, 1]
423	0.15370450385178172	0.33194045110332565	0.31158365877458644	[1, 1, 0, 0, 1]
424	0.10561059481632534	0.3556429505107195	0.3296721684517887	[1, 1, 0, 0, 1]
425	0.19547112987750415	0.17198910702004197	0.3615962682053348	[1, 0, 0, 1, 1]
426	0.384441232886571	0.2268882431868806	0.35558371126938404	[1, 0, 0, 1, 1]
427	0.27128950597403234	0.354844455706617	0.3362479251639756	[1, 0, 0, 1, 1]
428	0.18552237434554003	0.2806621547984473	0.333564413080452	[1, 0, 1, 0, 1]
429	0.2634333272550527	0.02486881216069824	0.3666198859078796	[1, 0, 0, 0, 0]
430	0.2687478258238444	0.2693558160429595	0.3589656107800301	[1, 0, 0, 1, 0]
431	0.572498116169111	0.40227980021050985	0.29761262086011114	[1, 0, 0, 1, 1]
432	0.5561226932671124	0.4370530604821736	0.3557039549164079	[1, 0, 0, 1, 1]
433	0.3112746388374438	0.2817111068482639	0.3938697972470391	[1, 0, 0, 1, 1]
434	0.4895312438040747	0.38688828247746637	0.3346533942955521	[1, 0, 0, 1, 1]
435	0.30243302409931244	0.32378765481918814	0.3268999649764748	[1, 0, 1, 0, 1]
436	0.38561517415979146	0.3001354032917007	0.32638772851006254	[1, 0, 1, 0, 1]
437	0.337676556839611	0.3080160560764461	0.3326424127864312	[1, 0, 1, 0, 1]
438	0.1435066005160201	0.2821349885736651	0.3716127161581652	[1, 0, 1, 0, 1]
439	0.3829726009700168	0.2817362817362818	0.3648902021436761	[1, 0, 0, 1, 0]
440	0.4155194709157153	0.35167913184973143	0.334290092132642	[1, 0, 1, 0, 1]
441	0.1305168955393117	0.252203119273214	0.33710290736604076	[1, 0, 1, 0, 1]
442	0.26901759968783184	0.23062314097498607	0.25832182551577637	[1, 0, 1, 0, 1]
443	0.32583054489120056	0.2499263873843941	0.2981968514855751	[1, 0, 1, 0, 1]
444	0.5121137575474393	0.24673784104389088	0.31486069749904116	[1, 0, 1, 0, 1]
445	0.4543108453610958	0.218018018018018	0.3078755150981184	[1, 0, 1, 0, 1]
446	0.2174292038151695	0.32283133412379567	0.40362438234551284	[1, 1, 0, 0, 1]
447	0.5777305611852421	0.24401544809496387	0.2848092366191845	[1, 0, 0, 1, 1]
448	0.20896577530719457	0.2552200130994308	0.31495752117461234	[1, 0, 1, 0, 1]
449	0.10281001137411158	0.31484343282440447	0.35685049669661134	[1, 0, 1, 0, 1]
450	0.5833870648115071	0.3339067716695976	0.3362173999400671	[1, 0, 1, 0, 1]
451	0.18252833286545672	0.33490182615969816	0.325864387044224	[1, 0, 1, 0, 1]
452	0.321896660483572	0.33741496598639453	0.3286115003288471	[1, 0, 1, 0, 1]
453	0.6310325829689405	0.2882174053704303	0.32061647424012	[1, 0, 1, 0, 1]
454	0.21128257091662528	0.2842678982717029	0.3518455818201649	[1, 0, 1, 0, 1]
455	0.3510342991346799	0.6793139056008348	0.33144642918211475	[1, 1, 1, 0, 0]
456	0.5141037803789479	0.19160544118716807	0.36694192157043	[1, 0, 1, 0, 1]
457	0.41808055899902496	0.3038972386285624	0.34086502803424357	[1, 0, 1, 0, 1]
458	0.5876584527446683	0.30503548496113553	0.32346758424685745	[1, 0, 1, 0, 1]
459	0.5897832702625845	0.34013327664712273	0.3097969751740926	[1, 0, 0, 1, 1]
460	0.1628005227244408	0.3260996065050749	0.35439430110898984	[1, 0, 1, 0, 1]
461	0.22745634163058875	0.2378816412601827	0.32340283990071583	[1, 0, 1, 0, 1]
462	0.3518335364593381	0.28147394784242236	0.37725686999972724	[1, 0, 1, 0, 1]
463	0.22024658317105666	0.3256500052423634	0.3113028442475263	[1, 0, 1, 0, 1]
464	0.21175038516726566	0.057056088805805656	0.3613798160182531	[1, 0, 0, 1, 0]
465	0.25251589307738787	0.29535638258117963	0.33637348862146027	[1, 1, 0, 0, 1]
466	0.22462598829474362	0.2153101673101673	0.3232123407103373	[1, 0, 1, 0, 1]
467	0.4316677646968886	0.3327526132404181	0.31935979172452633	[1, 0, 0, 1, 1]
468	0.38219560478500786	0.31605853645510357	0.338155412921677	[1, 0, 1, 0, 1]
469	0.22219891795412677	0.28671369317951334	0.3432881398698644	[1, 0, 1, 0, 1]
470	0.32621710139584487	0.3378616590476509	0.3858932638472458	[1, 0, 0, 1, 1]
471	0.5130888865399853	0.20916278995878243	0.3609474553843854	[1, 0, 0, 1, 1]
472	0.837182282268635	0.3265922746856613	0.40681765445878737	[1, 0, 0, 0, 0]
473	0.6095124990285445	0.349798460521688	0.3534921705130069	[1, 0, 0, 1, 1]
474	0.23469848868311863	0.2926127340158718	0.31760639688824827	[1, 0, 1, 0, 1]
475	0.1630675836541088	0.31158239930627013	0.33378638021773827	[1, 0, 1, 0, 1]
476	0.16140322945427768	0.2820328739834134	0.3365693826998207	[1, 0, 1, 0, 1]
477	0.24709300935288495	0.325819802195123	0.35876754723664445	[1, 0, 1, 0, 1]
478	0.1382290254048844	0.32234782089058633	0.3849554944554879	[1, 0, 1, 0, 1]
479	0.2699680898240418	0.3113745974845436	0.3442732064607649	[1, 0, 1, 0, 1]
480	0.21472568679817808	0.33122415219189416	0.34473924542980666	[1, 0, 1, 0, 1]
481	0.1576672802854082	0.29473570285424805	0.33785019508398867	[1, 0, 1, 0, 1]
482	0.19249152329421745	0.32684756920369584	0.3693101834812458	[1, 0, 1, 0, 1]
483	0.2097077248165189	0.30796178898603227	0.3572329422196065	[1, 0, 1, 0, 1]
484	0.18020039931309612	0.37630723933738236	0.3855174036684932	[1, 0, 1, 0, 1]
485	0.11073664382014325	0.3220279283135469	0.3408005553880049	[1, 0, 1, 0, 1]
486	0.552796550383459	0.36409124816728095	0.33542927760882923	[1, 0, 0, 1, 1]
487	0.45792728689650397	0.158482856310044	0.3239502627242869	[1, 0, 0, 1, 1]
488	0.6770106353428913	0.3156144084738313	0.32673496537311103	[1, 0, 0, 1, 1]
489	0.7176857786099832	0.45520311630495264	0.33502106738851684	[1, 0, 0, 1, 1]
490	0.13067946768512018	0.29296558339622863	0.33173442192099567	[1, 1, 0, 0, 1]
491	0.6640719046175423	0.3464381755869886	0.35611114387458204	[1, 0, 0, 1, 1]
492	0.7318174050770834	0.40628758109365687	0.3527228008377448	[1, 0, 0, 1, 1]
493	0.3665465019822721	0.3855085148543264	0.31098722318191385	[1, 0, 0, 1, 1]
494	0.23171422310158454	0.3046264019405312	0.2928918021909503	[1, 0, 1, 0, 1]
495	0.31557050231987516	0.2501803013092451	0.3573171459377757	[1, 0, 1, 1, 0]
496	1.3713634824327363	0.09770683273250587	0.5111579876710631	[1, 0, 0, 0, 0]
497	0.5040793213028694	0.22969861021331608	0.44689352684402756	[1, 0, 1, 0, 1]
498	0.3855064874716546	0.32545188355200183	0.39167663436979144	[1, 0, 1, 0, 1]
499	0.44307933116026765	0.34363767074047447	0.3265451312957926	[1, 0, 1, 0, 1]
500	0.4898252956229478	0.4032006245121	0.311142921426425	[1, 0, 0, 1, 1]
