2706066618	0	341	None	
2706066619	200	237	None	
2706066620	47	61	None	
2706066621	230	259	Metabolism	
2706066622	595	685	None	
2706066623	160	170	None	
2706066624	249	271	None	
2706066625	174	194	Metabolism	
2706066626	0	63	None	
2706066627	314	368	None	
2706066628	107	118	None	
2706066629	0	117	None	
2706066630	260	296	Genetic Information Processing	
2706066631	254	301	Metabolism	
2706066632	642	729	Metabolism	
2706066633	193	223	None	
2706066635	0	0	None	
2706066636	364	435	None	
2706066637	233	255	None	
2706066638	38	43	None	
2706066639	333	383	None	
2706066640	313	380	None	
2706066641	340	398	None	
2706066642	83	99	None	
2706066643	259	312	Metabolism	
2706066644	583	679	None	
2706066645	186	215	None	
2706066646	118	129	Metabolism	
2706066647	158	180	None	
2706066650	185	201	None	
2706066651	76	80	None	
2706066652	395	439	None	
2706066653	162	173	Metabolism	
2706066654	92	107	None	
2706066656	219	242	Cellular Processes	
2706066657	42	46	None	
2706066658	48	54	None	
2706066659	102	109	None	
2706066660	85	103	None	
2706066661	488	550	None	
2706066662	17	20	None	
2706066663	92	104	Metabolism	
2706066664	310	320	Metabolism	
2706066665	306	333	Metabolism	
2706066666	108	126	Metabolism	
2706066667	0	329	None	
2706066668	94	98	None	
2706066669	465	518	Metabolism	
2706066671	577	634	None	
2706066672	169	185	None	
2706066673	225	235	None	
2706066674	80	94	None	
2706066675	0	0	None	
2706066676	119	131	None	
2706066677	9	9	None	
2706066678	0	41	None	
2706066679	268	300	None	
2706066680	0	361	None	
2706066681	102	114	None	
2706066682	22	22	None	
2706066683	490	536	None	
2706066684	41	46	None	
2706066685	27	28	None	
2706066686	154	169	None	
2706066687	384	440	None	
2706066688	0	341	None	
2706066689	307	340	Metabolism	
2706066690	0	151	None	
2706066691	0	348	None	
2706066692	0	262	None	
2706066693	337	364	Metabolism	
2706066694	0	1	None	
2706066695	393	450	Genetic Information Processing	
2706066696	238	261	Genetic Information Processing	
2706066697	105	123	Metabolism	
2706066698	466	519	None	
2706066699	253	323	None	
2706066700	87	99	Metabolism	
2706066701	0	9	None	
2706066702	45	46	None	
2706066703	415	451	None	
2706066704	88	97	None	
2706066705	18	19	None	
2706066706	11	12	None	
2706066707	305	362	Environmental Information Processing	
2706066708	198	219	Environmental Information Processing	
2706066709	123	137	Environmental Information Processing	
2706066710	0	59	None	
2706066711	34	36	None	
2706066712	426	471	Genetic Information Processing	
2706066713	0	581	None	
2706066715	77	101	None	
2706066717	0	3	None	
2706066718	369	410	Metabolism	
2706066719	154	179	None	
2706066720	666	737	Metabolism	
2706066721	226	248	None	
2706066722	56	62	None	
2706066723	130	143	None	
2706066724	161	180	Metabolism	
2706066725	0	400	Metabolism	
2706066726	154	180	None	
2706066727	0	89	None	
2706066728	0	290	None	
2706066729	345	386	None	
2706066730	357	414	Metabolism	
2706066731	0	0	None	
2706066732	0	0	None	
2706066733	0	0	None	
2706066734	0	0	None	
2706066735	280	323	None	
2706066736	80	96	None	
2706066737	134	216	None	
2706066740	178	183	None	
2706066741	57	73	None	
2706066742	55	58	None	
2706066743	76	88	Genetic Information Processing	
2706066744	92	98	None	
2706066745	107	116	None	
2706066746	100	112	None	
2706066747	212	238	None	
2706066749	38	38	None	
2706066750	85	91	None	
2706066752	134	148	None	
2706066753	135	155	None	
2706066754	184	206	None	
2706066755	121	122	None	
2706066756	240	270	Metabolism	
2706066757	177	194	None	
2706066758	141	160	None	
2706066759	44	50	None	
2706066760	385	411	Metabolism	
2706066761	160	194	Environmental Information Processing	
2706066762	154	185	Environmental Information Processing	
2706066763	103	113	None	
2706066764	240	264	Environmental Information Processing	
2706066765	110	113	Environmental Information Processing	
2706066766	83	86	None	
2706066767	338	388	None	
2706066768	0	13	None	
2706066769	0	196	None	
2706066770	0	145	None	
2706066771	0	1	None	
2706066772	0	0	None	
2706066773	5	5	None	
2706066774	1	1	None	
2706066775	10	12	None	
2706066776	0	5	None	
2706066777	306	339	None	
2706066778	175	189	Metabolism	
2706066779	533	649	None	
2706066780	314	357	None	
2706066781	203	230	None	
2706066782	140	150	None	
2706066783	177	186	None	
2706066784	456	532	None	
2706066787	362	387	Genetic Information Processing	
2706066788	201	220	None	
2706066790	180	202	None	
2706066792	97	107	Metabolism	
2706066793	667	774	Metabolism	
2706066794	170	180	Metabolism	
2706066796	373	411	Metabolism	
2706066798	491	523	Metabolism	
2706066799	399	407	Metabolism	
2706066800	192	213	Metabolism	
2706066801	98	110	None	
2706066802	2	2	None	
2706066804	0	273	None	
2706066805	110	129	None	
2706066806	0	278	Metabolism	
2706066807	0	11	None	
2706066808	0	9	None	
2706066809	0	5	None	
2706066810	0	34	None	
2706066811	0	0	None	
2706066812	0	2	None	
2706066813	0	1	None	
2706066814	0	178	None	
2706066815	0	389	Genetic Information Processing	
2706066817	214	250	None	
2706066818	226	255	None	
2706066819	301	348	None	
2706066820	83	94	None	
2706066821	367	409	None	
2706066822	54	61	None	
2706066823	0	1	None	
2706066824	441	510	Metabolism	
2706066825	428	487	None	
2706066826	168	201	None	
2706066827	0	404	Metabolism	
2706066828	356	380	Metabolism	
2706066829	0	3	None	
2706066831	495	564	Metabolism	
2706066832	300	313	Metabolism	
2706066833	0	155	None	
2706066834	23	26	None	
2706066835	355	415	None	
2706066837	193	218	None	
2706066838	210	247	None	
2706066839	175	211	None	
2706066840	76	80	None	
2706066841	174	191	Metabolism	
2706066844	386	406	Metabolism	
2706066845	48	57	None	
2706066846	63	72	None	
2706066847	543	591	Metabolism	
2706066849	0	293	None	
2706066850	51	60	Metabolism	
2706066851	71	88	Metabolism	
2706066853	114	118	None	
2706066854	124	139	None	
2706066855	192	209	Metabolism	
2706066856	82	87	None	
2706066857	137	164	None	
2706066858	125	135	None	
2706066859	0	1	None	
2706066860	315	339	None	
2706066862	0	193	Metabolism	
2706066863	216	237	None	
2706066864	223	256	None	
2706066865	162	171	Metabolism	
2706066866	101	116	None	
2706066867	155	162	None	
2706066868	76	103	None	
2706066869	441	497	None	
2706066870	243	287	Metabolism	
2706066871	0	0	None	
2706066872	202	233	None	
2706066873	318	352	Genetic Information Processing	
2706066874	57	65	None	
2706066875	157	194	Metabolism	
2706066876	350	393	Metabolism	
2706066877	68	82	Metabolism	
2706066879	525	613	Metabolism	
2706066880	241	292	Metabolism	
2706066881	98	117	None	
2706066882	261	298	None	
2706066883	211	243	Metabolism	
2706066884	269	306	None	
2706066885	257	295	Metabolism	
2706066886	485	532	Metabolism	
2706066887	185	206	Metabolism	
2706066888	301	330	None	
2706066889	199	241	Metabolism	
2706066890	460	601	None	
2706066891	257	297	Genetic Information Processing	
2706066892	96	106	Genetic Information Processing	
2706066894	13	14	None	
2706066895	303	362	None	
2706066896	0	93	None	
2706066897	0	0	None	
2706066898	371	408	Metabolism	
2706066899	345	373	None	
2706066900	241	281	None	
2706066901	849	975	None	
2706066902	91	100	None	
2706066903	309	357	Metabolism	
2706066904	79	89	None	
2706066906	347	383	None	
2706066907	271	299	None	
2706066908	321	346	Genetic Information Processing	
2706066910	74	92	None	
2706066911	161	176	None	
2706066912	102	109	None	
2706066913	166	188	None	
2706066914	10	13	None	
2706066915	24	29	None	
2706066916	0	196	None	
2706066917	419	447	Metabolism	
2706066918	132	137	Metabolism	
2706066919	432	472	Genetic Information Processing	
2706066920	309	362	None	
2706066921	29	31	None	
2706066922	0	9	None	
2706066923	0	0	None	
2706066924	0	347	None	
2706066925	0	164	None	
2706066926	259	289	Metabolism	
2706066927	0	242	Metabolism	
2706066928	361	411	Metabolism	
2706066929	252	293	None	
2706066930	415	499	None	
2706066931	92	103	None	
2706066932	36	41	None	
2706066933	523	569	Metabolism	
2706066934	262	289	None	
2706066935	0	1	None	
2706066936	0	177	None	
2706066937	0	265	None	
2706066938	0	131	None	
2706066939	0	43	None	
2706066940	0	105	None	
2706066941	0	138	None	
2706066942	0	36	Metabolism	
2706066943	317	351	None	
2706066944	185	222	None	
2706066945	318	344	Metabolism	
2706066946	11	12	None	
2706066948	359	400	None	
2706066949	345	379	None	
2706066950	343	402	None	
2706066951	232	252	Metabolism	
2706066952	75	81	None	
2706066953	82	89	None	
2706066954	164	177	None	
2706066955	145	168	None	
2706066956	323	356	Genetic Information Processing	
2706066957	0	55	None	
2706066958	0	46	None	
2706066959	264	282	Metabolism	
2706066960	0	202	Metabolism	
2706066961	0	605	Metabolism	
2706066962	291	317	Metabolism	
2706066963	183	204	Metabolism	
2706066964	311	341	Metabolism	
2706066965	79	92	Metabolism	
2706066966	98	118	None	
2706066967	265	290	Metabolism	
2706066968	71	84	Metabolism	
2706066969	379	410	Metabolism	
2706066970	377	404	Genetic Information Processing	
2706066971	102	122	None	
2706066972	83	86	None	
2706066973	151	171	None	
2706066974	292	317	Metabolism	
2706066975	267	297	Metabolism	
2706066976	89	97	Genetic Information Processing	
2706066977	324	351	Metabolism	
2706066978	0	0	None	
2706066980	369	408	Metabolism	
2706066981	230	265	None	
2706066982	64	66	None	
2706066983	299	315	None	
2706066984	428	466	None	
2706066985	71	82	None	
2706066986	115	142	None	
2706066987	210	238	None	
2706066988	408	469	Metabolism	
2706066989	0	439	None	
2706066990	377	419	Metabolism	
2706066991	0	38	None	
2706066992	9	11	None	
2706066993	245	269	Metabolism	
2706066994	401	435	Genetic Information Processing	
2706066995	0	205	None	
2706066996	189	204	Metabolism	
2706066997	95	110	Metabolism	
2706066998	0	0	None	
2706066999	217	251	None	
2706067000	228	266	None	
2706067001	185	196	None	
2706067002	394	421	Genetic Information Processing	
2706067003	221	239	Metabolism	
2706067004	178	191	Metabolism	
2706067005	0	374	None	
2706067006	319	371	None	
2706067007	281	326	Metabolism	
2706067009	119	142	None	
2706067010	0	191	None	
2706067011	130	152	None	
2706067012	428	499	None	
2706067013	245	279	None	
2706067014	65	68	Metabolism	
2706067016	30	33	None	
2706067017	134	146	None	
2706067018	14	15	None	
2706067019	22	24	None	
2706067020	168	184	None	
2706067021	118	136	Metabolism	
2706067022	312	372	Metabolism	
2706067023	392	400	Metabolism	
2706067024	195	212	Metabolism	
2706067025	467	515	Metabolism	
2706067026	125	146	None	
2706067027	193	214	None	
2706067028	55	67	None	
2706067029	174	203	None	
2706067030	378	452	None	
2706067031	217	259	None	
2706067033	207	236	Metabolism	
2706067034	704	801	None	
2706067035	171	203	None	
2706067036	47	55	None	
2706067037	151	183	None	
2706067038	58	70	None	
2706067039	364	407	Metabolism	
2706067040	165	182	None	
2706067041	0	53	None	
2706067042	49	60	None	
2706067043	0	104	None	
2706067044	356	387	Metabolism	
2706067045	133	144	Metabolism	
2706067046	0	234	Metabolism	
2706067047	64	79	None	
2706067048	0	336	None	
2706067049	164	188	None	
2706067050	254	276	None	
2706067052	148	155	None	
2706067053	116	125	None	
2706067054	459	505	Metabolism	
2706067055	352	374	None	
2706067057	67	72	None	
2706067058	0	90	None	
2706067059	0	184	None	
2706067060	0	98	None	
2706067061	81	87	None	
2706067064	574	710	Environmental Information Processing	
2706067065	678	906	None	
2706067066	296	363	None	
2706067067	151	170	Metabolism	
2706067069	289	322	None	
2706067071	92	105	None	
2706067073	0	20	None	
2706067074	397	468	Metabolism	
2706067075	212	244	None	
2706067077	152	170	Metabolism	
2706067079	391	436	None	
2706067081	204	236	None	
2706067082	0	257	Metabolism	
2706067084	251	287	None	
2706067086	217	234	Metabolism	
2706067089	0	325	None	
2706067091	257	287	Metabolism	
2706067093	390	425	Metabolism	
2706067094	138	146	None	
2706067095	0	271	None	
2706067096	139	150	Metabolism	
2706067097	131	142	Metabolism	
2706067098	224	248	Metabolism	
2706067099	149	175	None	
2706067101	315	351	None	
2706067102	135	149	None	
2706067103	69	70	None	
2706067104	241	251	None	
2706067105	22	23	None	
2706067106	67	67	None	
2706067107	31	31	None	
2706067108	169	183	None	
2706067109	0	0	None	
2706067110	0	0	None	
2706067111	26	44	None	
2706067114	50	52	None	
2706067115	63	68	Metabolism	
2706067116	212	230	Metabolism	
2706067117	5	5	None	
2706067118	302	332	Metabolism	
2706067119	249	287	None	
2706067120	285	319	None	
2706067121	221	230	Metabolism	
2706067123	198	226	None	
2706067124	98	110	None	
2706067125	117	128	None	
2706067126	0	63	None	
2706067127	193	229	None	
2706067128	276	306	None	
2706067129	312	333	Metabolism	
2706067130	42	50	None	
2706067131	134	143	None	
2706067132	430	491	Metabolism	
2706067133	191	228	None	
2706067134	221	240	None	
2706067135	192	220	Genetic Information Processing	
2706067136	64	65	None	
2706067137	0	40	Metabolism	
2706067138	158	198	Genetic Information Processing	
2706067139	50	61	None	
2706067140	74	78	None	
2706067141	382	417	Metabolism	
2706067142	309	345	Metabolism	
2706067143	366	397	None	
2706067144	0	2	None	
2706067145	107	126	None	
2706067146	229	257	None	
2706067147	432	460	Metabolism	
2706067148	112	121	None	
2706067149	0	12	None	
2706067150	66	77	None	
2706067151	16	24	None	
2706067152	129	162	None	
2706067153	0	521	Metabolism	
2706067155	355	392	Metabolism	
2706067156	286	328	None	
2706067157	87	98	None	
2706067158	0	79	None	
2706067159	58	76	None	
2706067160	245	281	None	
2706067161	4	5	None	
2706067162	215	260	None	
2706067163	425	485	Genetic Information Processing	
2706067164	211	272	None	
2706067165	216	243	Metabolism	
2706067166	0	6	None	
2706067167	0	426	Metabolism	
2706067168	861	964	Genetic Information Processing	
2706067169	141	151	None	
2706067170	23	24	None	
2706067171	0	166	None	
2706067172	4	4	None	
2706067173	0	113	None	
2706067174	14	19	None	
2706067175	528	568	Metabolism	
2706067176	301	346	Metabolism	
2706067177	311	337	None	
2706067178	191	213	None	
2706067179	0	13	None	
2706067180	588	668	Genetic Information Processing	
2706067181	543	598	Metabolism	
2706067182	104	117	None	
2706067183	0	0	None	
2706067184	0	1	None	
2706067185	0	31	None	
2706067186	0	41	None	
2706067187	0	0	None	
2706067188	0	2	None	
2706067189	495	525	Metabolism	
2706067190	112	136	None	
2706067191	244	279	None	
2706067192	83	93	None	
2706067193	376	421	None	
2706067194	0	285	Metabolism	
2706067195	190	229	None	
2706067196	0	196	None	
2706067197	166	180	Metabolism	
2706067198	259	285	Metabolism	
2706067199	183	207	Metabolism	
2706067200	294	342	Metabolism	
2706067201	128	153	None	
2706067202	69	87	None	
2706067203	12	13	None	
2706067204	9	11	None	
2706067205	0	6	None	
2706067206	508	600	None	
2706067207	410	470	None	
2706067208	374	413	Metabolism	
2706067209	0	460	Metabolism	
2706067210	0	4	None	
2706067212	83	86	None	
2706067213	132	151	None	
2706067214	112	129	None	
2706067216	40	50	None	
2706067217	164	196	None	
2706067218	219	255	None	
2706067219	0	2	None	
2706067220	256	305	None	
2706067221	0	9	None	
2706067222	298	341	Genetic Information Processing	
2706067223	94	110	None	
2706067224	63	72	None	
2706067225	534	594	None	
2706067226	819	925	None	
2706067227	158	169	None	
2706067228	158	179	Metabolism	
2706067229	302	366	Metabolism	
2706067230	469	509	None	
2706067231	0	38	Genetic Information Processing	
2706067232	231	252	Genetic Information Processing	
2706067233	139	155	Metabolism	
2706067234	224	265	None	
2706067235	6	6	None	
2706067236	234	256	None	
2706067237	292	324	Metabolism	
2706067238	286	317	None	
2706067239	108	127	None	
2706067240	154	171	None	
2706067241	292	298	None	
2706067242	308	350	Metabolism	
2706067243	53	62	None	
2706067244	118	133	None	
2706067245	276	313	Metabolism	
2706067246	278	299	None	
2706067247	188	218	None	
2706067248	358	394	None	
2706067249	92	104	None	
2706067250	120	141	None	
2706067251	761	799	Genetic Information Processing	
2706067252	112	129	None	
2706067253	0	20	None	
2706067254	165	187	Metabolism	
2706067255	199	217	None	
2706067256	595	675	Metabolism	
2706067257	0	139	None	
2706067258	0	139	None	
2706067259	151	172	None	
2706067260	659	704	Metabolism	
2706067261	620	679	Metabolism	
2706067262	167	200	None	
2706067263	641	707	Metabolism	
2706067265	391	447	Environmental Information Processing	
2706067266	389	412	Environmental Information Processing	
2706067267	535	596	Environmental Information Processing	
2706067268	179	199	None	
2706067269	376	416	Metabolism	
2706067270	288	316	Metabolism	
2706067271	250	268	None	
2706067272	244	263	Metabolism	
2706067273	155	167	None	
2706067274	40	41	None	
2706067275	64	69	None	
2706067276	0	0	None	
2706067277	330	374	None	
2706067278	62	69	None	
2706067279	206	225	Genetic Information Processing	
2706067280	48	48	None	
2706067281	672	847	None	
2706067282	46	52	None	
2706067283	48	49	None	
2706067284	174	198	None	
2706067285	0	140	None	
2706067286	0	323	None	
2706067287	349	377	Environmental Information Processing	
2706067288	262	284	Environmental Information Processing	
2706067289	250	279	None	
2706067290	0	222	None	
2706067291	146	159	None	
2706067292	162	177	Metabolism	
2706067293	94	106	Genetic Information Processing	
2706067294	336	388	Metabolism	
2706067295	0	301	Metabolism	
2706067296	164	177	Metabolism	
2706067297	371	405	None	
2706067299	318	353	Metabolism	
2706067300	114	122	None	
2706067301	42	42	None	
2706067302	22	23	None	
2706067303	53	55	None	
2706067304	22	39	None	
2706067305	87	101	None	
2706067306	349	375	None	
2706067307	145	158	Metabolism	
2706067308	364	405	Metabolism	
2706067309	104	120	None	
2706067311	262	310	None	
2706067312	132	150	None	
2706067313	523	611	Metabolism	
2706067314	340	370	None	
2706067315	176	186	Metabolism	
2706067316	240	262	Metabolism	
2706067317	191	235	None	
2706067318	311	348	None	
2706067319	392	414	Metabolism	
2706067320	149	157	Metabolism	
2706067321	62	70	Metabolism	
2706067322	234	260	None	
2706067323	194	215	Genetic Information Processing	
2706067324	19	19	None	
2706067325	113	128	None	
2706067326	0	0	None	
2706067327	269	296	Metabolism	
2706067328	350	399	Genetic Information Processing	
2706067329	0	28	None	
2706067330	334	380	Metabolism	
2706067331	0	358	None	
2706067332	332	385	Metabolism	
2706067333	420	481	None	
2706067334	0	67	None	
2706067335	0	13	None	
2706067336	39	46	Metabolism	
2706067337	240	256	Genetic Information Processing	
2706067339	32	32	None	
2706067340	424	473	None	
2706067341	420	478	Metabolism	
2706067342	107	117	None	
2706067343	0	94	None	
2706067344	72	80	None	
2706067345	295	351	None	
2706067346	309	347	None	
2706067347	55	71	None	
2706067348	138	145	Metabolism	
2706067349	306	334	None	
2706067352	291	307	Metabolism	
2706067353	243	282	None	
2706067354	473	522	Metabolism	
2706067355	0	333	None	
2706067356	0	0	None	
2706067357	0	3	None	
2706067358	31	35	None	
2706067359	19	21	None	
2706067360	80	89	None	
2706067361	183	195	None	
2706067362	23	23	None	
2706067363	0	352	None	
2706067364	0	200	None	
2706067365	256	282	Genetic Information Processing	
2706067366	0	107	Metabolism	
2706067367	423	460	None	
2706067368	325	364	Metabolism	
2706067369	390	444	None	
2706067370	40	46	None	
2706067371	135	144	None	
2706067372	0	148	None	
2706067373	117	132	None	
2706067374	108	114	None	
2706067375	455	500	None	
2706067376	0	0	None	
2706067377	106	120	Metabolism	
2706067378	62	66	None	
2706067379	355	379	Environmental Information Processing	
2706067380	370	410	Environmental Information Processing	
2706067381	289	319	Environmental Information Processing	
2706067382	256	276	None	
2706067383	16	16	None	
2706067384	220	241	Metabolism	
2706067385	73	75	Genetic Information Processing	
2706067386	177	207	None	
2706067387	206	220	None	
2706067388	338	387	Metabolism	
2706067389	249	265	Genetic Information Processing	
2706067390	363	396	Metabolism	
2706067391	0	384	None	
2706067393	61	66	None	
2706067394	524	589	Metabolism	
2706067395	113	130	None	
2706067396	255	283	None	
2706067397	64	73	None	
2706067398	96	105	None	
2706067399	204	232	Metabolism	
2706067400	252	305	None	
2706067401	65	74	None	
2706067402	326	370	None	
2706067403	0	280	Metabolism	
2706067404	0	1048	None	
2706067405	202	243	None	
2706067406	697	841	None	
2706067407	0	646	None	
2706067408	224	253	Metabolism	
2706067409	368	397	None	
2706067410	116	130	None	
2706067411	0	52	None	
2706067412	96	103	Metabolism	
2706067413	135	140	None	
2706067414	146	156	None	
2706067415	313	349	None	
2706067417	137	151	None	
2706067418	0	352	None	
2706067420	236	270	Genetic Information Processing	
2706067421	672	759	Metabolism	
2706067422	725	808	None	
2706067423	87	100	None	
2706067424	0	200	None	
2706067425	433	474	None	
2706067426	287	327	Genetic Information Processing	
2706067427	120	124	None	
2706067428	165	174	None	
2706067430	209	236	Metabolism	
2706067431	194	207	Metabolism	
2706067432	236	260	Metabolism	
2706067433	193	229	Metabolism	
2706067434	241	250	Metabolism	
2706067435	200	213	Metabolism	
2706067436	180	200	None	
2706067437	141	157	Organismal Systems	
2706067438	0	226	None	
2706067439	100	115	None	
2706067440	216	261	None	
2706067441	258	285	Metabolism	
2706067442	145	164	None	
2706067444	181	208	None	
2706067445	62	68	Metabolism	
2706067446	215	225	None	
2706067447	426	437	None	
2706067448	164	185	None	
2706067449	110	135	None	
2706067450	214	230	Metabolism	
2706067451	75	79	Metabolism	
2706067453	580	670	None	
2706067454	347	402	Metabolism	
2706067456	141	152	None	
2706067457	343	372	Cellular Processes	
2706067458	190	206	None	
2706067459	259	285	Metabolism	
2706067460	498	540	None	
2706067461	59	69	None	
2706067462	0	12	None	
2706067463	0	445	Metabolism	
2706067464	0	161	None	
2706067465	181	197	Metabolism	
2706067466	207	224	None	
2706067467	0	14	None	
2706067468	0	848	Metabolism	
2706067469	0	91	None	
2706067470	40	46	None	
2706067471	167	197	None	
2706067472	117	124	Genetic Information Processing	
2706067473	0	397	Environmental Information Processing	
2706067474	123	141	None	
2706067475	0	0	None	
2706067476	0	21	None	
2706067477	49	62	None	
2706067478	260	284	Metabolism	
2706067479	292	320	None	
2706067480	0	0	None	
2706067481	0	29	None	
2706067482	0	196	None	
2706067483	0	438	None	
2706067484	0	166	None	
2706067485	0	52	None	
2706067486	0	1	None	
2706067487	230	260	None	
2706067488	239	253	Metabolism	
2706067489	0	398	Metabolism	
2706067490	38	42	None	
2706067491	109	124	None	
2706067492	0	0	None	
2706067493	291	325	None	
2706067494	285	305	None	
2706067495	366	401	Metabolism	
2706067496	0	27	None	
2706067497	204	235	None	
2706067498	157	174	None	
2706067499	313	355	None	
2706067500	71	88	None	
2706067501	302	329	Genetic Information Processing	
2706067502	561	654	None	
2706067503	232	269	None	
2706067504	242	280	None	
2706067505	151	189	None	
2706067506	7	8	None	
2706067507	199	232	Genetic Information Processing	
2706067508	359	410	None	
2706067509	418	465	Metabolism	
2706067510	0	157	None	
2706067511	296	324	None	
2706067512	96	100	None	
2706067513	63	73	None	
2706067514	482	530	None	
2706067515	126	138	None	
2706067516	19	22	None	
2706067517	3	3	None	
2706067518	0	892	None	
2706067519	354	416	Metabolism	
2706067520	530	595	None	
2706067521	102	117	None	
2706067522	65	70	None	
2706067523	127	146	Metabolism	
2706067524	429	472	Environmental Information Processing	
2706067525	0	329	Metabolism	
2706067526	538	591	None	
2706067527	0	1	None	
2706067528	0	0	None	
2706067529	172	195	None	
2706067530	95	106	None	
2706067531	98	109	None	
2706067532	455	491	Metabolism	
2706067533	596	684	None	
2706067534	0	1	None	
2706067535	299	304	None	
2706067536	219	249	None	
2706067537	354	404	Metabolism	
2706067538	0	135	None	
2706067539	0	113	None	
2706067540	0	226	Metabolism	
2706067541	301	352	None	
2706067542	0	233	None	
2706067543	78	88	None	
2706067544	0	33	None	
2706067545	169	197	Metabolism	
2706067546	0	8	None	
2706067547	175	193	None	
2706067548	264	289	None	
2706067549	220	243	Metabolism	
2706067550	160	177	Genetic Information Processing	
2706067551	98	106	None	
2706067552	345	392	None	
2706067553	186	203	None	
2706067554	605	682	Metabolism	
2706067555	0	0	None	
2706067556	595	676	Genetic Information Processing	
2706067557	478	535	Metabolism	
2706067558	232	251	Metabolism	
2706067559	157	168	None	
2706067560	167	182	Environmental Information Processing	
2706067561	194	199	Environmental Information Processing	
2706067562	312	351	Environmental Information Processing	
2706067563	0	181	None	
2706067564	0	90	None	
2706067565	319	361	Metabolism	
2706067566	269	308	None	
2706067567	337	363	Metabolism	
2706067568	418	450	None	
2706067569	0	37	None	
2706067570	0	443	None	
2706067571	51	84	None	
2706067572	39	63	None	
2706067573	110	137	None	
2706067574	196	239	None	
2706067575	237	274	None	
2706067577	303	333	Metabolism	
2706067578	0	0	None	
2706067579	135	145	None	
2706067580	260	286	Metabolism	
2706067581	94	102	None	
2706067582	380	445	None	
2706067583	419	452	None	
2706067584	245	300	None	
2706067585	0	6	None	
2706067587	0	204	Metabolism	
2706067588	149	180	Metabolism	
2706067589	359	395	Metabolism	
2706067590	110	114	None	
2706067591	416	465	None	
2706067592	392	429	Human Diseases	
2706067593	345	396	Genetic Information Processing	
2706067595	453	513	Genetic Information Processing	
2706067596	226	261	None	
2706067597	429	489	Metabolism	
2706067598	54	59	None	
2706067599	70	85	None	
2706067600	226	260	None	
2706067601	695	749	Metabolism	
2706067602	528	556	Genetic Information Processing	
2706067603	184	214	None	
2706067604	215	237	Environmental Information Processing	
2706067605	824	905	Metabolism	
2706067606	106	114	None	
2706067607	103	107	None	
2706067608	270	308	None	
2706067609	34	37	None	
2706067610	94	120	None	
2706067611	244	275	None	
2706067612	310	352	None	
2706067613	372	409	Metabolism	
2706067614	66	71	None	
2706067615	307	340	Environmental Information Processing	
2706067616	133	144	Environmental Information Processing	
2706067617	129	145	Environmental Information Processing	
2706067618	158	168	Environmental Information Processing	
2706067619	210	219	Environmental Information Processing	
2706067620	932	1065	Metabolism	
2706067621	0	39	None	
2706067622	227	256	Environmental Information Processing	
2706067623	381	436	Metabolism	
2706067624	226	274	None	
2706067625	597	672	None	
2706067627	385	421	None	
2706067628	279	294	None	
2706067629	358	391	None	
2706067630	253	281	None	
2706067631	0	382	Metabolism	
2706067632	445	555	None	
2706067633	517	583	Metabolism	
2706067635	734	797	None	
2706067636	348	383	None	
2706067637	71	78	Genetic Information Processing	
2706067638	54	56	Genetic Information Processing	
2706067639	539	580	None	
2706067641	165	189	None	
2706067642	168	191	Metabolism	
2706067644	83	95	None	
2706067645	738	882	None	
2706067647	411	473	None	
2706067648	363	386	None	
2706067649	120	147	None	
2706067651	451	516	Metabolism	
2706067652	372	410	None	
2706067653	0	61	None	
2706067654	59	68	None	
2706067655	300	328	None	
2706067656	128	144	None	
2706067657	0	0	None	
2706067658	451	498	Metabolism	
2706067659	86	103	None	
2706067660	53	60	None	
2706067662	443	472	Metabolism	
2706067663	225	245	None	
2706067664	424	484	Metabolism	
2706067665	682	769	None	
2706067666	109	115	None	
2706067667	60	67	None	
2706067668	71	75	None	
2706067669	147	158	None	
2706067670	0	1	None	
2706067671	0	0	None	
2706067672	0	245	None	
2706067673	242	270	Metabolism	
2706067675	300	348	Metabolism	
2706067676	376	436	None	
2706067677	254	301	None	
2706067678	465	551	None	
2706067679	218	251	Metabolism	
2706067680	441	492	Metabolism	
2706067681	232	264	None	
2706067682	740	841	None	
2706067683	0	437	None	
2706067684	0	6	None	
2706067685	0	220	None	
2706067687	364	383	None	
2706067688	209	238	Metabolism	
2706067689	213	232	Metabolism	
2706067690	542	620	None	
2706067691	211	241	Metabolism	
2706067692	11	11	None	
2706067693	295	340	None	
2706067694	243	274	None	
2706067696	57	70	None	
2706067697	251	282	Metabolism	
2706067698	92	103	None	
2706067699	20	23	None	
2706067701	62	78	None	
2706067702	68	80	None	
2706067703	99	110	None	
2706067704	5	9	None	
2706067705	13	17	None	
2706067706	55	59	None	
2706067707	21	24	None	
2706067708	73	85	None	
2706067709	30	34	None	
2706067710	20	23	None	
2706067711	13	15	None	
2706067712	4	8	None	
2706067713	12	17	None	
2706067714	16	17	None	
2706067716	8	8	None	
2706067718	1	1	None	
2706067719	137	187	None	
2706067720	203	245	Metabolism	
2706067721	812	891	None	
2706067722	106	111	None	
2706067723	244	266	None	
2706067724	289	332	Metabolism	
2706067725	447	505	Metabolism	
2706067726	0	0	None	
2706067727	369	398	None	
2706067728	92	100	Metabolism	
2706067729	80	89	None	
2706067730	134	150	None	
2706067731	287	327	None	
2706067732	293	320	None	
2706067733	448	498	None	
2706067734	168	176	Genetic Information Processing	
2706067735	126	159	None	
2706067736	46	59	None	
2706067737	24	28	None	
2706067738	657	783	None	
2706067739	45	58	None	
2706067740	210	254	None	
2706067741	281	328	None	
2706067742	311	369	None	
2706067743	386	489	None	
2706067744	0	190	None	
2706067745	0	77	Metabolism	
2706067746	258	284	None	
2706067747	141	165	None	
2706067748	567	661	None	
2706067749	300	329	None	
2706067750	232	243	None	
2706067751	136	163	None	
2706067752	0	84	None	
2706067753	77	87	None	
2706067754	381	411	Metabolism	
2706067755	0	0	None	
2706067756	31	33	None	
2706067757	141	143	Metabolism	
2706067758	64	73	None	
2706067759	418	462	None	
2706067760	50	52	None	
2706067761	454	480	Metabolism	
2706067762	313	352	Metabolism	
2706067763	436	485	None	
2706067764	193	225	None	
2706067765	0	240	None	
2706067766	0	30	None	
2706067767	60	73	None	
2706067768	181	198	Metabolism	
2706067769	88	100	Metabolism	
2706067770	398	448	Metabolism	
2706067771	287	311	Metabolism	
2706067772	145	169	Metabolism	
2706067773	137	151	Metabolism	
2706067774	275	305	Metabolism	
2706067775	51	57	None	
2706067776	577	665	None	
2706067777	0	28	None	
2706067778	207	218	Genetic Information Processing	
2706067779	189	222	None	
2706067780	174	184	None	
2706067781	608	661	Genetic Information Processing	
2706067782	208	234	None	
2706067784	57	66	None	
2706067785	741	861	None	
2706067786	592	656	Genetic Information Processing	
2706067787	218	241	Metabolism	
2706067788	267	294	None	
2706067789	87	100	None	
2706067790	450	538	Metabolism	
2706067791	253	294	None	
2706067792	517	555	Metabolism	
2706067793	0	482	Metabolism	
2706067794	362	400	Genetic Information Processing	
2706067796	433	471	Metabolism	
2706067797	274	305	None	
2706067798	501	543	None	
2706067799	336	378	Environmental Information Processing	
2706067800	253	290	Environmental Information Processing	
2706067801	416	448	Metabolism	
2706067802	0	158	None	
2706067803	0	11	None	
2706067804	490	546	Genetic Information Processing	
2706067807	0	67	None	
2706067808	481	542	None	
2706067809	457	517	Metabolism	
2706067810	185	204	None	
2706067811	118	137	None	
2706067812	73	84	None	
2706067813	0	78	None	
2706067814	251	277	None	
2706067815	87	95	None	
2706067816	0	55	None	
2706067817	155	170	None	
2706067818	84	99	Metabolism	
2706067819	0	26	None	
2706067820	332	359	None	
2706067821	180	213	None	
2706067822	0	331	Metabolism	
2706067823	249	290	Metabolism	
2706067824	337	373	None	
2706067825	383	417	None	
2706067826	175	185	Metabolism	
2706067827	331	405	None	
2706067828	0	130	None	
2706067829	119	146	None	
2706067830	231	273	None	
2706067831	428	503	Metabolism	
2706067832	177	212	Metabolism	
2706067833	308	348	None	
2706067834	0	269	Metabolism	
2706067835	0	120	None	
2706067836	0	67	None	
2706067837	0	118	None	
2706067838	465	556	Metabolism	
2706067840	47	52	None	
2706067842	177	218	None	
2706067843	107	123	None	
2706067844	513	571	None	
2706067845	214	253	Metabolism	
2706067846	423	467	Metabolism	
2706067847	480	511	Metabolism	
2706067848	456	494	Genetic Information Processing	
2706067849	47	57	None	
2706067850	257	280	None	
2706067851	490	549	Metabolism	
2706067852	283	350	None	
2706067854	221	250	None	
2706067855	99	111	None	
2706067856	327	364	None	
2706067857	424	480	None	
2706067858	153	175	None	
2706067859	350	394	None	
2706067860	618	705	Genetic Information Processing	
2706067861	160	172	None	
2706067862	0	466	None	
2706067863	166	187	None	
2706067864	22	25	None	
2706067865	232	264	Metabolism	
2706067866	347	375	Environmental Information Processing	
2706067867	113	135	None	
2706067868	119	129	None	
2706067869	435	490	Metabolism	
2706067870	173	192	None	
2706067872	143	166	None	
2706067875	48	51	None	
2706067876	93	100	None	
2706067877	185	202	None	
2706067878	120	126	None	
2706067879	333	385	None	
2706067880	64	73	None	
2706067881	280	299	None	
2706067882	75	87	None	
2706067883	111	115	None	
2706067884	121	133	None	
2706067885	139	156	None	
2706067886	279	307	None	
2706067887	363	398	None	
2706067888	129	143	None	
2706067889	161	179	None	
2706067890	131	138	None	
2706067891	72	85	None	
2706067892	32	40	None	
2706067893	550	678	None	
2706067894	211	226	Metabolism	
2706067897	113	136	None	
2706067898	123	166	None	
2706067899	31	31	None	
2706067900	185	210	None	
2706067901	95	107	None	
2706067902	129	136	None	
2706067903	128	143	None	
2706067904	559	609	None	
2706067906	191	219	None	
2706067907	0	2	None	
2706067908	723	778	None	
2706067909	231	253	None	
2706067910	0	1092	Metabolism	
2706067911	323	343	Metabolism	
2706067912	0	380	Metabolism	
2706067913	349	365	None	
2706067914	67	74	None	
2706067915	4	4	None	
2706067916	9	10	None	
2706067917	11	11	None	
2706067918	36	39	None	
2706067919	892	980	Genetic Information Processing	
2706067922	51	58	Genetic Information Processing	
2706067923	129	144	None	
2706067924	166	181	None	
2706067925	0	113	None	
2706067926	567	636	Genetic Information Processing	
2706067927	119	126	None	
2706067928	0	121	None	
2706067929	0	27	None	
2706067930	0	2428	None	
2706067931	0	8	None	
2706067932	0	1279	None	
2706067933	77	92	None	
2706067934	326	357	Metabolism	
2706067935	0	51	None	
2706067936	0	21	None	
2706067937	5	6	None	
2706067938	246	267	Metabolism	
2706067939	391	428	Genetic Information Processing	
2706067940	144	206	None	
2706067942	108	121	Metabolism	
2706067943	0	467	None	
2706067945	479	539	Metabolism	
2706067946	392	432	Metabolism	
2706067947	63	69	None	
2706067948	164	192	None	
2706067949	483	518	Genetic Information Processing	
2706067950	0	0	None	
2706067951	155	173	None	
2706067952	357	412	None	
2706067953	210	244	None	
2706067954	258	291	None	
2706067956	111	122	None	
2706067957	141	143	None	
2706067958	144	153	None	
2706067959	222	269	Metabolism	
2706067960	0	309	None	
2706067962	438	483	Genetic Information Processing	
2706067963	77	87	None	
2706067964	206	234	None	
2706067965	292	315	Metabolism	
2706067966	0	29	None	
2706067967	35	48	None	
2706067968	66	79	None	
2706067969	371	425	Metabolism	
2706067970	0	19	None	
2706067971	0	96	None	
2706067972	157	177	None	
2706067973	156	172	Metabolism	
2706067974	124	135	Metabolism	
2706067975	228	266	None	
2706067976	0	14	None	
2706067977	0	2	None	
2706067978	258	277	None	
2706067979	0	0	None	
2706067980	182	206	Metabolism	
2706067981	281	294	Environmental Information Processing	
2706067982	358	401	None	
2706067983	91	95	None	
2706067984	212	246	None	
2706067985	0	0	None	
2706067987	116	129	None	
2706067988	470	510	Metabolism	
2706067989	274	304	Genetic Information Processing	
2706067991	126	141	None	
2706067992	480	534	None	
2706067993	173	188	Metabolism	
2706067995	399	432	None	
2706067997	0	95	None	
2706067999	158	165	None	
2706068000	176	193	Metabolism	
2706068001	758	855	Metabolism	
2706068002	332	372	None	
2706068003	149	176	None	
2706068004	139	160	None	
2706068005	120	151	None	
2706068006	369	402	Metabolism	
2706068007	106	112	None	
2706068008	57	70	None	
2706068009	59	69	None	
2706068010	26	29	None	
2706068011	240	277	None	
2706068012	452	536	Genetic Information Processing	
2706068013	0	539	None	
2706068014	392	452	None	
2706068015	10	11	None	
2706068016	273	308	Metabolism	
2706068017	229	260	Metabolism	
2706068018	150	173	Metabolism	
2706068019	389	441	Metabolism	
2706068020	575	646	Genetic Information Processing	
2706068021	115	132	Metabolism	
2706068022	216	245	Environmental Information Processing	
2706068023	94	101	Environmental Information Processing	
2706068024	269	299	Environmental Information Processing	
2706068025	190	221	None	
2706068026	224	247	Metabolism	
2706068027	359	413	Metabolism	
2706068028	6	8	None	
2706068029	341	365	Metabolism	
2706068030	0	134	None	
2706068031	150	176	None	
2706068032	422	508	None	
2706068033	122	141	None	
2706068034	141	164	None	
2706068035	0	366	None	
2706068036	263	315	None	
2706068037	174	198	None	
2706068038	147	164	None	
2706068039	57	71	None	
2706068040	0	2	None	
2706068041	318	356	None	
2706068042	232	254	None	
2706068043	494	530	None	
2706068044	349	413	None	
2706068045	277	322	None	
2706068046	96	111	None	
2706068047	106	139	None	
2706068048	0	101	None	
2706068049	0	0	None	
2706068050	0	14	None	
2706068051	0	404	None	
2706068052	42	46	None	
2706068053	157	190	None	
2706068054	294	343	None	
2706068055	339	385	Metabolism	
2706068056	441	460	Genetic Information Processing	
2706068057	382	405	Metabolism	
2706068058	568	665	Human Diseases	
2706068059	555	610	None	
2706068060	0	425	Metabolism	
2706068061	112	133	Metabolism	
2706068062	102	123	Metabolism	
2706068063	25	26	None	
2706068064	0	2	None	
2706068065	462	552	None	
2706068066	101	118	None	
2706068067	95	117	None	
2706068068	136	169	None	
2706068069	399	441	None	
2706068070	484	523	Metabolism	
2706068071	0	0	None	
2706068072	40	43	None	
2706068073	127	150	None	
2706068074	261	366	None	
2706068075	360	442	None	
2706068076	45	53	None	
2706068077	53	63	None	
2706068078	517	560	Metabolism	
2706068079	87	94	None	
2706068080	428	492	None	
2706068081	42	47	None	
2706068082	302	344	None	
2706068083	105	110	None	
2706068086	445	482	Genetic Information Processing	
2706068087	747	779	Organismal Systems	
2706068088	163	170	None	
2706068089	287	292	None	
2706068090	135	166	None	
